14
26
49
0000001000000100000000000010000001000000
0000001000001000000000000100000010000000
0000001000010000000000001000000100000000
0000001000100000000000010000001000000000
0000001001000000000000100000010000000000
0000001010000000000001000000100000000000
0000001100000000000010000001000000000000
0000010000000100000000000100000000100000
0000010000001000000000001000000001000000
0000010000010000000000010000000010000000
0000010000100000000000100000000100000000
0000010001000000000001000000001000000000
0000010010000000000010000000010000000000
0000010100000000000100000000100000000000
0000100000000100000000001000000000010000
0000100000001000000000010000000000100000
0000100000010000000000100000000001000000
0000100000100000000001000000000010000000
0000100001000000000010000000000100000000
0000100010000000000100000000001000000000
0000100100000000001000000000010000000000
0001000000000100000000010000000000001000
0001000000001000000000100000000000010000
0001000000010000000001000000000000100000
0001000000100000000010000000000001000000
0001000001000000000100000000000010000000
0001000010000000001000000000000100000000
0001000100000000010000000000001000000000
0010000000000100000000100000000000000100
0010000000001000000001000000000000001000
0010000000010000000010000000000000010000
0010000000100000000100000000000000100000
0010000001000000001000000000000001000000
0010000010000000010000000000000010000000
0010000100000000100000000000000100000000
0100000000000100000001000000000000000010
0100000000001000000010000000000000000100
0100000000010000000100000000000000001000
0100000000100000001000000000000000010000
0100000001000000010000000000000000100000
0100000010000000100000000000000001000000
0100000100000001000000000000000010000000
1000000000000100000010000000000000000001
1000000000001000000100000000000000000010
1000000000010000001000000000000000000100
1000000000100000010000000000000000001000
1000000001000000100000000000000000010000
1000000010000001000000000000000000100000
1000000100000010000000000000000001000000
