10
18
25
0000100001000000001000010000
0000100010000000010000100000
0000100100000000100001000000
0000101000000001000010000000
0000110000000010000100000000
0001000001000000010000001000
0001000010000000100000010000
0001000100000001000000100000
0001001000000010000001000000
0001010000000100000010000000
0010000001000000100000000100
0010000010000001000000001000
0010000100000010000000010000
0010001000000100000000100000
0010010000001000000001000000
0100000001000001000000000010
0100000010000010000000000100
0100000100000100000000001000
0100001000001000000000010000
0100010000010000000000100000
1000000001000010000000000001
1000000010000100000000000010
1000000100001000000000000100
1000001000010000000000001000
1000010000100000000000010000
